Смена 8 на 25
Смена номер 1 Текущий буфер: 25
8 3 2 0 3 5 111 8 4 1 
Смена 25 на 4
Смена номер 2 Текущий буфер: 4
8 3 2 0 3 5 111 8 25 1 
Смена 4 на 5
Смена номер 3 Текущий буфер: 5
8 3 2 0 3 4 111 8 25 1 
Смена 5 на 111
Смена номер 4 Текущий буфер: 111
8 3 2 0 3 4 5 8 25 1 
Смена 111 на 1
Смена номер 5 Текущий буфер: 1
8 3 2 0 3 4 5 8 25 111 
Смена 1 на 3
Смена номер 6 Текущий буфер: 3
8 1 2 0 3 4 5 8 25 111 
Смена 3 на 0
Смена номер 7 Текущий буфер: 0
8 1 2 3 3 4 5 8 25 111 
Смена 0 на 8
Смена номер 8 Текущий буфер: 8
0 1 2 3 3 4 5 8 25 111 
