Исходный массив: [ 32 5 0 2 5 -12 78 1 76 -52 ]
[ -52 1 0 2 -12 5 78 5 76 32 ]
[ -52 -12 0 2 1 5 78 5 76 32 ]
[ -52 -12 0 2 1 5 78 5 76 32 ]
[ -52 -12 0 1 2 5 78 5 76 32 ]
[ -52 -12 0 1 2 5 78 5 76 32 ]
[ -52 -12 0 1 2 5 5 78 76 32 ]
[ -52 -12 0 1 2 5 5 32 76 78 ]
Отсортированный массив: [ -52 -12 0 1 2 5 5 32 76 78 ]

Исходный массив: [ -78 2 841 6 -4 -43 -1 0 3 9 ]
[ -78 -43 -4 6 841 2 -1 0 3 9 ]
[ -78 -43 -4 6 841 2 -1 0 3 9 ]
[ -78 -43 -4 -1 841 2 6 0 3 9 ]
[ -78 -43 -4 -1 3 2 0 6 841 9 ]
[ -78 -43 -4 -1 0 2 3 6 841 9 ]
[ -78 -43 -4 -1 0 2 3 6 9 841 ]
[ -78 -43 -4 -1 0 2 3 6 9 841 ]
Отсортированный массив: [ -78 -43 -4 -1 0 2 3 6 9 841 ]

Исходный массив: [ 7 3 -52 -35 89 19 4 -6 -98 -999 ]
[ 7 3 -52 -35 -999 19 4 -6 -98 89 ]
[ -999 3 -52 -35 7 19 4 -6 -98 89 ]
[ -999 3 -52 -35 -98 -6 4 19 7 89 ]
[ -999 -98 -52 -35 3 -6 4 19 7 89 ]
[ -999 -98 -52 -35 3 -6 4 19 7 89 ]
[ -999 -98 -52 -35 -6 3 4 19 7 89 ]
[ -999 -98 -52 -35 -6 3 4 19 7 89 ]
[ -999 -98 -52 -35 -6 3 4 7 19 89 ]
Отсортированный массив: [ -999 -98 -52 -35 -6 3 4 7 19 89 ]

Исходный массив: [ 76 83 -53 -97 52 -27 70 4 -12 -98 88 74 100 77 32 -34 -65 84 64 -21 ]
[ -98 83 -53 -97 52 -27 70 4 -12 76 88 74 100 77 32 -34 -65 84 64 -21 ]
[ -98 83 -53 -97 52 -27 70 4 -12 76 -21 74 64 77 32 -34 -65 84 100 88 ]
[ -98 -65 -53 -97 52 -27 70 4 -12 -34 -21 74 64 32 77 76 83 84 100 88 ]
[ -98 -65 -53 -97 -21 -27 -34 -12 4 70 52 74 64 32 77 76 83 84 100 88 ]
[ -98 -65 -53 -97 -34 -27 -21 -12 4 70 52 74 64 32 77 76 83 84 100 88 ]
[ -98 -97 -65 -53 -34 -27 -21 -12 4 70 52 74 64 32 77 76 83 84 100 88 ]
[ -98 -97 -65 -53 -34 -27 -21 -12 4 70 52 74 64 32 77 76 83 84 100 88 ]
[ -98 -97 -65 -53 -34 -27 -21 -12 4 32 52 74 64 70 77 76 83 84 100 88 ]
[ -98 -97 -65 -53 -34 -27 -21 -12 4 32 52 74 64 70 77 76 83 84 100 88 ]
[ -98 -97 -65 -53 -34 -27 -21 -12 4 32 52 64 70 74 77 76 83 84 100 88 ]
[ -98 -97 -65 -53 -34 -27 -21 -12 4 32 52 64 70 74 76 77 83 84 100 88 ]
[ -98 -97 -65 -53 -34 -27 -21 -12 4 32 52 64 70 74 76 77 83 84 88 100 ]
Отсортированный массив: [ -98 -97 -65 -53 -34 -27 -21 -12 4 32 52 64 70 74 76 77 83 84 88 100 ]

Исходный массив: [ -18 90 97 44 52 74 4 -1 -12 78 133 72 -95 37 -46 -105 141 -97 32 -113 -72 -21 -106 -26 -27 ]
[ -106 -113 -97 -105 -95 74 4 -1 -12 78 133 72 52 37 -46 44 141 97 32 90 -72 -21 -18 -26 -27 ]
[ -113 -106 -105 -97 -95 74 4 -1 -12 78 133 72 52 37 -46 44 141 97 32 90 -72 -21 -18 -26 -27 ]
[ -113 -106 -105 -97 -95 -72 -46 -1 -12 78 133 72 52 37 4 44 141 97 32 90 74 -21 -18 -26 -27 ]
[ -113 -106 -105 -97 -95 -72 -46 -1 -12 78 133 72 52 37 4 44 141 97 32 90 74 -21 -18 -26 -27 ]
[ -113 -106 -105 -97 -95 -72 -46 -1 -12 -27 -26 -18 -21 37 4 32 141 97 44 90 74 52 72 133 78 ]
[ -113 -106 -105 -97 -95 -72 -46 -21 -18 -27 -26 -12 -1 37 4 32 141 97 44 90 74 52 72 133 78 ]
[ -113 -106 -105 -97 -95 -72 -46 -27 -26 -21 -18 -12 -1 37 4 32 141 97 44 90 74 52 72 133 78 ]
[ -113 -106 -105 -97 -95 -72 -46 -27 -26 -21 -18 -12 -1 4 32 37 141 97 44 90 74 52 72 133 78 ]
[ -113 -106 -105 -97 -95 -72 -46 -27 -26 -21 -18 -12 -1 4 32 37 72 52 44 74 90 97 141 133 78 ]
[ -113 -106 -105 -97 -95 -72 -46 -27 -26 -21 -18 -12 -1 4 32 37 44 52 72 74 90 97 141 133 78 ]
[ -113 -106 -105 -97 -95 -72 -46 -27 -26 -21 -18 -12 -1 4 32 37 44 52 72 74 78 90 97 133 141 ]
Отсортированный массив: [ -113 -106 -105 -97 -95 -72 -46 -27 -26 -21 -18 -12 -1 4 32 37 44 52 72 74 78 90 97 133 141 ]

Исходный массив: [ -29 234 -244 -62 -3 -2 69 -195 223 -176 176 6 179 94 -227 -42 156 -101 116 21 242 30 158 -16 -128 -54 -47 -141 -247 -243 ]
[ -243 -247 -244 -227 -3 -2 69 -195 223 -176 176 6 179 94 -62 -42 156 -101 116 21 242 30 158 -16 -128 -54 -47 -141 234 -29 ]
[ -247 -244 -243 -227 -3 -2 69 -195 223 -176 176 6 179 94 -62 -42 156 -101 116 21 242 30 158 -16 -128 -54 -47 -141 234 -29 ]
[ -247 -244 -243 -227 -3 -2 69 -195 -29 -176 -141 6 -47 94 -62 -42 -54 -101 116 21 -128 30 -16 158 242 156 179 176 234 223 ]
[ -247 -244 -243 -227 -3 -2 69 -195 -29 -176 -141 6 -47 -16 -62 -42 -54 -101 30 21 -128 116 94 158 242 156 179 176 234 223 ]
[ -247 -244 -243 -227 -128 -101 -54 -195 -62 -176 -141 -47 6 -16 -29 -42 69 -2 30 21 -3 116 94 158 242 156 179 176 234 223 ]
[ -247 -244 -243 -227 -195 -101 -54 -128 -62 -176 -141 -47 6 -16 -29 -42 69 -2 30 21 -3 116 94 158 242 156 179 176 234 223 ]
[ -247 -244 -243 -227 -195 -176 -141 -128 -101 -62 -54 -47 6 -16 -29 -42 69 -2 30 21 -3 116 94 158 242 156 179 176 234 223 ]
[ -247 -244 -243 -227 -195 -176 -141 -128 -101 -62 -54 -47 6 -16 -29 -42 -3 -2 30 21 69 116 94 158 242 156 179 176 234 223 ]
[ -247 -244 -243 -227 -195 -176 -141 -128 -101 -62 -54 -47 -42 -16 -29 6 -3 -2 30 21 69 116 94 158 242 156 179 176 234 223 ]
[ -247 -244 -243 -227 -195 -176 -141 -128 -101 -62 -54 -47 -42 -29 -16 -3 -2 6 21 30 69 116 94 158 242 156 179 176 234 223 ]
[ -247 -244 -243 -227 -195 -176 -141 -128 -101 -62 -54 -47 -42 -29 -16 -3 -2 6 21 30 69 94 116 158 242 156 179 176 234 223 ]
[ -247 -244 -243 -227 -195 -176 -141 -128 -101 -62 -54 -47 -42 -29 -16 -3 -2 6 21 30 69 94 116 156 158 176 179 223 234 242 ]
Отсортированный массив: [ -247 -244 -243 -227 -195 -176 -141 -128 -101 -62 -54 -47 -42 -29 -16 -3 -2 6 21 30 69 94 116 156 158 176 179 223 234 242 ]

