

Входные данные [ 1 3 6 3 6 ]
1 3 3 6 6  value: 6
Результат: [ 1 3 3 6 6 ]


Входные данные [ 4 2 5 1 74 2 1 ]
4 2 5 1 1 2 74  value: 74
4 2 2 1 1 5 74  value: 5
1 2 2 1 4 5 74  value: 4
1 2 1 2 4 5 74  value: 2
1 1 2 2 4 5 74  value: 2
Результат: [ 1 1 2 2 4 5 74 ]


Входные данные [ 91 81 73 59 98 67 98 37 99 42 81 81 23 93 50 73 61 41 45 20 ]
91 81 73 59 98 67 98 37 20 42 81 81 23 93 50 73 61 41 45 99  value: 99
91 81 73 59 98 67 45 37 20 42 81 81 23 93 50 73 61 41 98 99  value: 98
91 81 73 59 41 67 45 37 20 42 81 81 23 93 50 73 61 98 98 99  value: 98
91 81 73 59 41 67 45 37 20 42 81 81 23 61 50 73 93 98 98 99  value: 93
73 81 73 59 41 67 45 37 20 42 81 81 23 61 50 91 93 98 98 99  value: 91
73 81 73 59 41 67 45 37 20 42 81 50 23 61 81 91 93 98 98 99  value: 81
73 81 73 59 41 67 45 37 20 42 61 50 23 81 81 91 93 98 98 99  value: 81
73 23 73 59 41 67 45 37 20 42 61 50 81 81 81 91 93 98 98 99  value: 81
73 23 50 59 41 67 45 37 20 42 61 73 81 81 81 91 93 98 98 99  value: 73
61 23 50 59 41 67 45 37 20 42 73 73 81 81 81 91 93 98 98 99  value: 73
61 23 50 59 41 42 45 37 20 67 73 73 81 81 81 91 93 98 98 99  value: 67
20 23 50 59 41 42 45 37 61 67 73 73 81 81 81 91 93 98 98 99  value: 61
20 23 50 37 41 42 45 59 61 67 73 73 81 81 81 91 93 98 98 99  value: 59
20 23 45 37 41 42 50 59 61 67 73 73 81 81 81 91 93 98 98 99  value: 50
20 23 42 37 41 45 50 59 61 67 73 73 81 81 81 91 93 98 98 99  value: 45
20 23 41 37 42 45 50 59 61 67 73 73 81 81 81 91 93 98 98 99  value: 42
20 23 37 41 42 45 50 59 61 67 73 73 81 81 81 91 93 98 98 99  value: 41
Результат: [ 20 23 37 41 42 45 50 59 61 67 73 73 81 81 81 91 93 98 98 99 ]


Входные данные [ 2 3 1 3 ]
2 1 3 3  value: 3
1 2 3 3  value: 2
Результат: [ 1 2 3 3 ]
