Вставтка значения 2
    2(1)
1(2)






Вставка в корень на уровне 2 значения 3
Вставтка значения 3
3(3)
        2(1)
    1(2)






Вставтка значения 4
    4(1)
3(4)
        2(1)
    1(2)






Вставтка значения 5
        5(1)
    4(2)
3(5)
        2(1)
    1(2)






Вставка в корень на уровне 2 значения 6
Вставтка значения 6
    6(3)
            5(1)
        4(2)
3(6)
        2(1)
    1(2)






Вставтка значения 7
        7(1)
    6(4)
            5(1)
        4(2)
3(7)
        2(1)
    1(2)






Вставтка значения 8
            8(1)
        7(2)
    6(5)
            5(1)
        4(2)
3(8)
        2(1)
    1(2)






Вставка в корень на уровне 2 значения 9
Вставтка значения 9
        9(3)
                8(1)
            7(2)
    6(6)
            5(1)
        4(2)
3(9)
        2(1)
    1(2)






Вставтка значения 10
            10(1)
        9(4)
                8(1)
            7(2)
    6(7)
            5(1)
        4(2)
3(10)
        2(1)
    1(2)






Вставтка значения 11
                11(1)
            10(2)
        9(5)
                8(1)
            7(2)
    6(8)
            5(1)
        4(2)
3(11)
        2(1)
    1(2)






Вставка в корень на уровне 2 значения 12
Вставтка значения 12
            12(3)
                    11(1)
                10(2)
        9(6)
                8(1)
            7(2)
    6(9)
            5(1)
        4(2)
3(12)
        2(1)
    1(2)






Вставтка значения 13
                13(1)
            12(4)
                    11(1)
                10(2)
        9(7)
                8(1)
            7(2)
    6(10)
            5(1)
        4(2)
3(13)
        2(1)
    1(2)






Вставтка значения 14
                    14(1)
                13(2)
            12(5)
                    11(1)
                10(2)
        9(8)
                8(1)
            7(2)
    6(11)
            5(1)
        4(2)
3(14)
        2(1)
    1(2)






Вставтка значения 15
                        15(1)
                    14(2)
                13(3)
            12(6)
                    11(1)
                10(2)
        9(9)
                8(1)
            7(2)
    6(12)
            5(1)
        4(2)
3(15)
        2(1)
    1(2)






                        15(1)
                    14(2)
                13(3)
            12(6)
                    11(1)
                10(2)
        9(9)
                8(1)
            7(2)
    6(12)
            5(1)
        4(2)
3(15)
        2(1)
    1(2)



                                                        15(1)
                                                    14(2)
                                                13(3)
                                            12(4)
                                        11(5)
                                    10(6)
                                9(7)
                            8(8)
                        7(9)
                    6(10)
                5(11)
            4(12)
        3(13)
    2(14)
1(15)
